77496.0306796116
75468.41060059809
73590.2482827979
71884.12586587502
70244.45327283369
68749.19790850233
67196.7960491041
65722.3913201789
64538.25745370747
63583.00848247626
62714.66950480394
62137.91355410189
61441.30465659553
60940.95082479903
60293.23511881939
59932.82008140099
59434.07187837419
59004.38391036552
58662.991673057455
58257.83923525317
57715.67316532065
57233.68464196164
57045.31276191106
56568.363055819005
56261.48995585214
56019.98565064896
55594.58818131723
55284.965392750426
54879.87235635432
