145028.99750387916
140232.45247330953
135887.16867236464
132233.5149409245
129156.18724129864
125350.09668007685
122496.95034907953
119453.86259854154
116877.35452908502
114372.008047646
112377.01459524399
110942.52455200205
108595.45336851428
106667.70494090355
105267.05567897
103447.22097584645
102430.42748697828
100895.06266518371
99746.17363611775
98353.41427362492
97416.87132056968
96218.94192938037
94891.96533171527
94342.88553785294
92863.33901067072
92643.46058038244
91595.15491979322
90599.52842266732
89941.54724105
